75
92
49
33
59
99
55
89
34
34
37
26
21
49
99
40
36
80
54
62
87
54
45
51
13
40
58
25
23
98
5
15
84
80
34
96
54
37
48
88
24
82
19
10
17
97
84
100
54
97
62
84
9
89
46
31
7
46
34
21
75
37
61
10
38
4
39
31
94
48
71
69
79
70
69
15
21
60
6
37
0
22
6
11
93
89
68
89
48
32
21
96
73
18
90
37
23
75
52
86
99
1
0
55
25
6
50
45
31
19
54
72
88
21
93
2
42
56
18
62
20
90
79
18
86
27
21
40
4
69
20
83
95
48
52
2
38
31
0
62
96
46
92
59
49
6
50
27
96
78
79
67
62
72
40
78
77
44
8
59
100
97
13
87
37
79
73
28
66
24
3
13
69
35
18
49
83
19
43
8
75
43
44
7
90
26
71
88
59
15
51
8
64
97
41
67
46
50
57
36
94
66
37
24
29
49
26
27
87
2
51
64
5
57
54
24
19
58
19
12
54
23
54
98
63
96
12
1
6
65
67
48
52
91
93
88
2
5
4
95
45
9
62
29
16
47
61
25
5
85
84
84
24
15
50
64
78
16
9
44
36
4
56
77
91
27
5
28
68
55
35
4
18
35
59
77
47
8
32
15
98
100
41
40
79
78
6
73
24
73
15
22
100
2
3
34
89
80
1
16
57
64
31
43
82
66
15
6
69
57
20
95
4
31
75
94
2
12
50
88
44
56
43
27
71
8
4
51
58
47
78
61
89
16
79
53
79
7
5
79
52
15
52
67
33
32
18
7
51
89
31
46
86
24
88
18
93
71
94
4
11
39
55
64
20
63
57
90
97
78
86
97
67
72
91
4
41
46
0
94
72
79
40
2
71
38
73
37
55
68
95
43
28
60
46
59
75
39
27
51
72
16
41
11
22
65
69
90
10
52
53
38
55
90
46
75
84
92
96
70
14
96
88
20
7
13
90
57
59
100
1
48
7
56
33
8
90
84
26
98
60
68
6
44
2
75
88
22
33
41
26
52
96
1
81
0
34
29
86
55
33
15
1
25
57
95
30
62
80
25
99
95
67
68
37
37
93
82
21
82
73
51
98
3
37
26
100
9
18
53
74
58
66
59
51
73
8
25
66
64
74
90
13
2
51
3
25
23
78
93
100
51
50
56
36
89
7
13
71
67
34
81
0
91
16
81
47
95
92
90
10
100
17
15
68
82
63
48
2
75
10
75
46
82
32
87
16
45
6
4
11
60
21
4
81
45
48
23
70
94
43
23
75
29
25
42
88
16
71
40
46
46
38
9
71
60
7
74
84
57
61
18
58
65
51
69
38
90
76
51
36
77
75
57
15
9
1
71
90
99
76
52
53
5
14
30
24
93
56
88
22
87
55
90
87
39
31
2
51
24
41
60
34
73
94
91
88
21
22
5
45
21
24
24
82
76
25
81
48
75
64
98
20
47
91
76
18
13
54
58
14
32
37
71
97
14
42
82
8
2
5
71
48
56
72
41
21
78
98
68
19
14
47
93
87
43
37
60
41
12
28
75
26
37
56
64
82
21
81
13
36
6
15
59
70
67
85
3
43
65
17
21
100
12
7
2
76
13
50
44
88
25
15
60
54
8
78
38
4
64
7
12
69
10
87
32
21
24
82
53
58
49
55
80
44
23
99
47
35
0
6
75
39
34
66
8
4
97
24
74
82
6
8
35
69
13
30
64
19
38
20
83
7
66
100
76
22
53
30
22
22
22
32
29
54
44
45
6
60
57
1
45
87
91
26
40
28
25
19
25
88
45
24
23
1
71
70
73
53
31
38
6
40
100
11
21
11
92
13
14
97
68
41
46
79
0
16
87
26
20
48
83
98
1
34
30
80
32
14
42
66
30
8
3
18
65
50
9
6
98
41
26
51
46
72
77
48
25
59
97
25
24
70
9
27
58
100
70
9
2
30
58
88
56
6
50
48
95
55
98
43
28
1
91
85
82
68
57
36
19
30
50
70
97
47
37
24
60
97
48
0
57
97
88
81
27
16
22
40
61
24
95
4
61
63
2
65
99
9
73
17
14
92
60
40
42
25
3
23
44
86
24
4
87
46
64
43
8
71
36
53
93
7
63
92
71
49
64
29
47
78
90
63
79
80
74
76
30
72
54
22
58
19
58
45
53
86
20
42
12
91
42
13
43
94
31
62
48
5
96
98
7
34
96
84
27
95
31
95
98
92
87
4
93
86
9
82
99
3
85
68
93
76
60
28
60
92
62
57
90
