100
282
444
68
464
433
452
325
92
99
499
323
435
332
81
85
110
38
3
366
99
422
227
137
155
308
108
18
6
100
323
270
167
12
202
253
445
159
393
6
463
174
261
206
353
287
114
258
22
173
413
157
265
397
309
63
284
459
435
176
47
238
157
90
288
81
24
223
296
372
27
309
88
154
322
125
412
209
464
293
8
59
288
483
458
453
495
272
427
236
127
186
74
386
32
174
405
115
141
312
308
101
274
11
102
313
455
374
377
353
162
96
38
367
221
417
476
397
18
213
392
396
27
184
401
238
172
461
154
217
341
110
339
385
477
141
71
40
476
98
353
313
247
177
444
32
166
109
176
471
270
170
478
119
468
249
60
268
190
337
485
70
348
135
72
149
163
177
389
475
409
498
328
435
309
372
100
417
366
26
293
281
134
18
433
198
483
165
408
195
198
425
399
168
320
143
406
198
436
359
306
273
262
167
331
334
164
194
230
112
426
314
385
361
439
99
43
370
156
320
347
74
41
495
321
173
475
46
453
340
491
134
73
491
436
45
229
57
150
301
333
349
491
289
407
355
36
229
341
263
89
228
184
10
155
495
91
399
344
467
183
133
260
221
215
97
256
2
135
354
51
99
242
45
69
52
404
326
500
329
447
474
495
169
101
499
57
219
81
411
143
416
171
252
172
303
435
113
129
46
452
83
143
464
304
473
461
222
332
190
464
174
27
264
419
461
262
394
451
86
436
261
275
91
491
494
50
344
134
374
324
157
35
239
365
89
182
55
328
307
5
275
68
278
379
386
82
357
36
495
463
56
447
344
455
304
215
391
121
33
60
412
380
239
483
105
120
456
289
278
377
187
165
7
39
394
146
33
348
63
354
262
1
161
38
377
462
33
53
463
163
347
84
475
136
210
51
30
195
439
342
239
178
231
177
215
396
149
150
415
322
383
180
159
242
169
387
4
13
97
108
85
268
246
97
159
393
205
190
334
308
23
40
315
95
33
354
72
275
290
357
455
66
490
120
118
240
369
168
32
264
459
260
487
231
490
36
173
186
409
213
333
281
150
374
453
355
282
395
145
388
72
462
119
447
321
141
128
161
479
418
281
434
150
173
373
73
77
31
224
202
14
84
493
340
201
50
93
235
241
463
86
96
257
98
359
100
96
430
452
142
185
29
68
59
324
433
170
173
315
177
30
302
304
331
208
31
83
53
207
373
369
380
438
117
245
176
194
29
463
369
467
278
302
370
313
365
429
300
396
44
11
440
459
185
360
89
204
273
460
317
469
206
58
441
72
352
329
343
406
321
270
135
127
230
55
23
269
267
14
95
163
214
288
174
289
166
395
260
64
31
100
41
51
36
493
370
243
339
73
73
365
495
458
429
57
463
494
156
380
498
149
208
290
251
28
271
96
81
208
306
383
106
345
111
37
214
144
382
273
334
318
372
481
467
81
328
268
100
29
13
257
358
483
231
56
398
438
438
265
326
270
162
44
66
211
158
470
456
381
384
364
9
311
121
276
147
452
260
493
412
89
33
291
87
415
216
70
341
242
95
131
4
429
277
125
288
112
239
19
280
209
294
32
289
457
34
85
155
414
109
157
427
410
91
379
371
398
57
266
104
498
396
237
216
244
278
420
133
207
141
272
68
134
486
162
297
202
245
381
170
232
441
465
162
442
370
279
463
365
2
28
57
40
381
222
459
443
256
100
242
373
311
157
256
153
363
194
438
36
17
224
396
115
356
120
488
389
346
97
433
278
283
432
64
45
250
334
167
2
188
483
459
304
414
481
145
365
51
435
102
120
85
335
156
362
463
159
108
365
413
387
48
307
376
120
248
225
258
70
359
359
468
441
377
234
8
103
341
211
222
488
490
46
109
300
114
129
485
422
175
186
123
384
268
132
382
299
378
143
246
432
426
240
79
429
12
285
353
223
316
338
35
316
70
209
268
386
114
327
486
139
18
273
52
361
375
364
39
358
389
156
281
320
38
119
377
135
101
439
342
307
97
88
212
422
155
318
465
1
157
140
220
150
9
195
296
108
219
103
351
116
25
482
438
39
171
303
10
258
22
138
51
123
79
111
232
161
108
23
170
260
488
172
111
242
46
322
85
41
98
109
351
197
97
389
196
443
270
133
454
413
343
6
426
413
462
104
151
172
166
168
375
193
318
215
354
113
160
119
29
427
257
108
482
22
384
16
458
189
25
326
180
157
494
198
82
188
316
174
49
439
400
170
185
60
170
145
142
467
253
49
483
249
12
212
101
433
143
313
206
132
283
423
440
142
63
372
239
145
267
331
99
473
289
29
27
310
346
441
19
225
457
114
43
178
3
477
122
438
250
109
272
331
73
378
188
395
221
287
271
207
312
94
265
124
424
450
487
149
21
333
355
367
119
13
158
185
68
75
265
84
470
300
238
191
272
263
113
216
269
29
391
199
254
238
121
12
340
101
271
244
463
69
450
398
409
429
381
268
241
96
445
455
344
172
458
221
378
100
307
211
306
356
455
133
268
151
299
86
465
494
296
45
380
309
259
438
58
438
227
310
384
475
276
290
208
337
208
424
421
319
52
442
34
171
389
134
88
327
57
313
203
485
391
237
383
149
248
437
216
46
175
63
432
45
211
231
334
304
461
310
494
343
239
207
173
124
251
478
319
479
477
479
133
408
146
311
85
265
367
13
437
350
278
245
269
207
291
196
192
170
284
29
411
292
404
438
12
329
402
264
376
278
285
132
342
326
364
269
320
179
152
422
288
322
411
282
231
240
36
374
348
434
365
138
486
317
393
236
82
218
321
204
46
212
295
134
376
413
151
444
485
159
456
147
87
221
135
154
230
221
451
348
474
444
157
485
442
56
150
18
452
11
27
44
177
85
485
349
320
456
128
453
12
238
298
108
259
127
193
385
4
76
157
340
492
461
156
223
442
220
138
297
149
316
138
109
493
119
186
449
500
485
266
268
460
355
338
11
324
106
125
140
494
262
154
82
339
347
300
446
245
298
369
85
211
350
53
467
27
201
408
352
312
29
349
420
233
130
486
308
4
489
12
464
343
63
197
316
361
392
489
452
490
389
78
419
356
287
253
225
187
244
285
279
178
494
58
322
429
257
122
286
460
287
343
133
21
16
313
412
324
245
238
129
99
162
5
19
278
235
233
448
444
176
142
437
122
167
185
216
305
25
452
287
152
228
8
136
78
468
429
117
60
488
451
470
312
435
315
59
72
331
57
202
146
52
196
328
474
346
468
253
374
461
481
45
322
413
416
281
18
245
130
425
231
325
316
206
345
387
133
73
280
461
39
221
452
297
373
188
198
97
52
187
121
100
122
153
104
105
237
428
298
458
45
74
217
401
331
73
165
385
211
485
64
117
48
203
400
66
256
39
350
127
78
204
351
383
417
152
263
138
272
341
458
429
353
168
140
238
456
194
404
448
221
258
4
362
438
225
92
234
154
378
149
294
390
371
155
175
390
248
49
454
440
174
365
240
418
424
498
313
382
96
388
324
160
174
18
431
100
291
6
8
301
483
188
236
377
209
7
410
27
149
185
264
402
71
94
410
48
41
433
237
432
346
292
199
401
236
411
455
150
497
439
171
172
351
259
122
429
393
480
361
374
35
476
330
302
402
426
199
373
201
124
81
87
309
425
32
348
197
48
308
225
324
62
440
433
252
304
33
26
78
94
35
269
145
46
382
130
116
474
28
360
186
300
316
130
41
135
9
232
212
150
81
420
60
117
457
10
418
2
470
452
349
282
194
188
493
195
146
222
225
434
40
445
128
385
376
426
298
338
128
21
115
217
178
339
340
223
404
284
349
462
477
124
292
486
498
227
210
384
10
373
406
458
265
285
379
260
355
315
176
182
405
464
322
75
44
277
318
317
239
414
247
60
399
63
200
378
279
203
6
348
311
79
234
160
430
151
7
158
321
141
367
322
210
251
361
50
6
27
454
217
62
282
78
389
263
473
392
197
431
378
263
326
238
410
39
233
383
428
419
177
258
397
55
328
217
307
24
262
253
306
441
310
105
61
251
338
279
455
166
229
432
315
252
426
377
496
385
209
139
254
107
421
135
1
420
221
495
201
142
50
431
313
243
362
342
417
434
296
470
344
370
391
492
354
467
106
364
150
176
328
65
274
20
272
95
196
281
122
209
193
492
20
364
408
263
462
229
321
481
479
429
170
108
458
317
213
96
286
176
106
390
40
176
26
60
270
273
71
355
43
459
391
321
215
406
419
140
79
69
6
496
386
195
243
58
402
10
213
111
83
37
391
432
130
61
450
203
142
240
210
145
287
230
46
1
414
415
70
165
254
2
25
15
378
259
368
426
364
87
137
481
167
459
317
113
472
436
17
247
432
66
471
455
480
480
463
308
53
344
37
324
410
116
459
316
377
196
176
21
248
124
200
11
252
397
93
263
400
319
494
182
274
14
377
20
232
345
44
323
273
473
129
468
292
184
229
350
200
413
91
449
439
28
153
314
201
40
78
453
211
334
320
189
282
359
147
277
415
475
447
458
94
251
90
108
30
34
46
308
10
34
414
446
148
427
14
393
264
217
138
360
290
134
119
259
62
325
341
246
72
485
384
114
210
271
36
329
327
34
481
294
396
403
34
320
382
196
413
363
435
436
146
240
358
452
333
440
360
157
136
45
446
44
26
453
412
371
500
336
269
205
160
142
74
212
263
34
36
100
75
286
439
42
97
39
354
283
479
212
321
308
223
26
141
80
52
306
137
352
124
123
267
460
86
350
217
258
301
395
115
62
420
143
341
4
351
123
427
177
31
478
386
262
331
38
399
110
304
197
136
328
453
265
120
469
84
134
411
317
321
389
76
59
289
415
282
328
499
132
69
171
433
189
303
468
378
313
9
203
85
498
279
203
373
339
198
150
372
117
230
156
179
125
300
145
298
308
336
88
360
463
360
338
226
90
273
415
243
482
340
57
67
207
469
263
163
464
261
278
258
134
441
158
252
411
181
92
312
87
499
88
93
374
347
466
313
94
212
317
167
205
495
211
337
347
193
404
176
472
393
224
456
171
334
74
400
453
353
162
53
44
295
152
444
219
44
354
336
271
146
435
275
441
95
374
55
500
198
476
142
198
67
324
40
418
172
408
49
182
25
1
318
86
13
28
112
299
55
243
188
480
224
16
223
329
185
384
247
455
280
261
101
406
332
363
7
461
275
418
407
202
460
161
341
455
67
429
243
345
326
367
147
107
358
362
478
206
266
293
221
489
216
67
460
323
127
190
478
81
218
247
297
364
61
243
263
61
480
189
45
126
22
126
131
442
494
19
212
238
449
68
102
266
303
453
165
315
218
458
16
198
163
174
120
467
95
167
236
457
492
54
33
176
27
389
84
171
500
96
325
188
241
432
1
368
35
78
15
175
259
486
72
423
312
499
442
82
35
68
151
418
301
87
397
154
66
422
483
2
181
207
100
298
450
313
302
449
399
169
88
45
487
248
57
246
485
41
202
2
31
317
489
167
415
209
491
320
460
438
472
409
424
38
470
306
217
433
79
9
300
129
297
458
26
487
37
344
325
274
54
318
3
164
300
208
144
355
456
148
499
272
120
5
459
36
423
79
170
14
131
297
102
249
70
8
332
457
56
14
125
76
323
117
359
7
300
296
203
263
459
49
445
182
303
37
254
229
19
380
211
107
150
344
307
64
154
141
252
281
76
233
281
111
95
305
344
293
106
22
453
383
61
233
152
280
217
8
30
170
46
249
416
54
13
110
350
324
48
75
213
442
56
342
374
332
427
61
4
29
81
36
258
412
211
188
323
77
4
424
403
496
290
20
75
68
191
265
19
90
56
343
36
401
139
356
370
114
183
409
281
436
314
379
470
457
363
285
381
164
17
167
147
128
435
458
340
441
290
90
6
460
468
462
373
328
481
396
450
1
497
419
237
211
221
454
37
319
219
9
474
9
198
488
88
85
85
17
15
379
219
8
78
415
363
226
269
472
190
252
466
95
359
29
392
429
274
115
243
404
96
316
93
389
92
133
121
423
417
235
456
453
476
232
374
295
45
123
355
148
403
60
14
52
324
500
196
59
352
380
64
257
419
116
330
435
474
86
347
307
450
235
106
191
64
46
326
392
90
384
151
350
476
118
142
216
351
483
124
109
217
277
151
226
339
374
251
312
112
442
343
200
449
375
151
275
30
210
209
179
34
142
17
490
308
319
180
373
264
226
395
397
117
301
445
246
475
344
395
21
148
402
53
179
444
499
303
383
130
481
314
156
171
235
204
261
288
206
187
128
340
396
316
449
13
12
410
249
282
424
400
321
109
399
299
379
383
332
206
140
119
273
240
321
490
120
49
130
361
159
36
413
15
28
248
11
432
246
389
198
45
140
255
286
36
340
430
59
404
488
465
204
163
431
324
271
226
415
287
444
230
205
117
112
227
98
206
202
442
457
96
254
493
246
174
477
245
478
82
295
233
108
307
472
382
133
181
422
41
69
487
177
171
451
161
320
372
229
76
282
254
183
218
54
46
461
97
243
210
413
70
293
210
123
361
413
14
423
382
361
328
159
117
289
483
141
197
218
396
8
455
43
453
133
157
126
182
321
316
151
73
207
409
338
436
142
65
25
202
357
247
318
144
301
229
214
57
345
133
83
1
441
127
334
346
405
384
425
425
162
224
34
273
136
448
354
49
462
194
418
409
285
272
261
264
202
277
479
71
261
453
410
485
25
154
205
439
328
429
490
468
225
194
169
307
59
141
97
122
206
26
22
462
254
171
124
360
320
49
436
314
158
51
173
200
452
93
173
42
424
487
235
415
386
72
77
116
415
435
478
186
86
112
419
210
34
54
150
308
163
237
132
128
426
186
201
143
426
346
123
494
499
154
354
145
15
313
451
88
344
291
496
380
289
192
299
319
271
220
370
114
208
118
292
480
267
52
183
164
119
124
323
14
358
287
360
309
454
223
204
192
436
318
311
223
491
223
47
183
267
79
195
477
440
370
438
160
1
492
298
304
245
41
74
182
150
490
246
445
125
337
150
243
100
46
435
19
493
36
444
466
380
206
145
462
24
12
126
98
500
319
469
254
258
340
474
37
325
223
269
222
259
421
301
276
60
313
46
370
483
115
6
264
53
5
192
307
97
463
306
313
248
274
241
447
175
228
318
305
232
35
360
307
254
97
296
59
480
281
434
338
422
12
437
396
468
10
236
357
187
234
316
484
23
103
288
262
32
354
115
252
331
427
163
357
154
91
449
230
208
80
65
207
59
368
213
321
323
310
203
111
257
238
495
142
211
261
42
366
451
394
237
162
32
334
192
139
256
111
432
45
148
71
273
390
69
78
291
173
232
90
268
413
370
227
418
495
235
238
445
174
345
281
182
437
164
238
118
271
341
349
67
273
258
240
79
451
309
69
438
428
259
311
201
248
489
362
264
370
115
19
330
433
242
38
477
324
60
401
182
88
31
101
260
196
167
212
130
249
212
208
193
192
65
500
346
175
390
390
303
288
154
155
426
436
232
257
193
269
279
223
226
139
267
24
48
245
429
393
268
221
297
332
446
119
189
178
210
386
206
467
8
156
248
471
487
361
46
187
90
392
441
231
358
301
418
5
278
260
387
234
222
273
304
407
146
447
448
405
196
380
99
92
298
92
314
395
45
224
249
455
390
89
194
185
233
24
9
167
404
370
177
126
424
307
458
308
135
164
471
452
442
272
48
167
399
365
357
410
291
476
74
412
170
263
307
317
469
195
81
493
420
5
341
415
449
371
358
228
105
297
343
98
303
223
273
190
331
471
149
133
79
204
362
99
381
171
381
185
179
136
168
74
404
26
83
39
88
431
485
206
180
328
390
54
442
493
275
66
27
327
39
17
56
478
146
344
498
402
190
166
134
219
405
486
200
483
132
300
31
270
344
287
124
231
79
12
56
125
6
44
65
90
387
184
414
302
341
479
282
483
150
56
45
105
258
293
215
5
244
252
193
13
222
304
173
140
45
310
224
246
161
282
40
107
126
373
273
208
79
188
182
100
405
313
477
120
382
169
350
297
323
215
150
277
78
281
492
134
247
240
383
499
98
33
44
480
441
24
182
465
149
470
352
457
46
414
384
240
98
148
45
285
164
423
206
441
53
468
260
158
242
459
419
99
380
458
286
269
82
478
251
414
78
239
297
245
448
340
270
213
4
5
462
364
330
283
90
49
110
498
374
53
90
48
396
12
445
68
329
305
298
307
403
432
330
42
140
253
238
183
472
300
201
250
280
291
145
268
266
332
293
166
286
232
381
172
405
260
399
279
454
142
391
266
255
16
127
401
22
85
383
386
74
141
154
256
127
184
314
436
380
357
117
339
455
461
389
390
32
354
432
110
145
124
409
374
124
496
405
283
120
23
409
100
440
254
166
12
127
162
175
70
325
300
79
484
433
275
350
68
460
343
367
488
211
85
447
117
152
371
381
197
289
494
235
169
377
143
494
494
78
101
65
439
432
348
294
328
75
23
361
428
189
500
323
188
15
163
85
276
64
270
259
408
337
180
146
240
419
52
69
167
254
18
322
198
288
221
260
140
364
24
414
226
390
128
9
399
347
254
446
380
45
39
51
288
416
238
377
497
237
321
359
115
328
76
401
397
180
318
244
135
375
364
44
42
372
483
148
408
404
75
380
286
248
454
31
278
44
159
332
24
179
389
350
284
429
223
124
125
158
497
290
5
357
306
107
207
181
335
13
417
413
366
274
382
419
52
304
489
250
240
423
285
423
403
146
363
313
446
51
276
228
470
365
81
436
332
188
348
328
149
101
476
360
208
486
414
154
99
9
416
343
188
35
240
272
468
209
280
165
154
477
438
170
326
114
111
453
307
122
63
132
384
422
50
362
467
402
444
279
173
144
284
308
348
119
72
54
10
205
335
30
190
52
415
481
185
250
165
417
266
150
214
193
431
423
206
152
370
124
424
350
375
14
20
326
51
403
56
169
269
492
441
357
461
30
359
438
464
63
171
92
332
199
356
497
162
25
425
192
195
274
402
290
167
309
341
419
96
235
35
240
421
226
5
180
198
137
44
294
284
65
71
201
256
280
277
129
113
297
43
413
95
432
350
135
333
297
480
219
350
48
37
404
314
87
431
421
340
71
255
90
489
243
97
257
78
20
176
129
289
247
308
81
45
195
118
420
66
159
26
363
474
450
4
222
341
138
236
310
38
122
301
105
298
451
187
28
419
313
456
462
92
239
75
282
409
358
10
180
175
427
395
16
277
440
158
213
430
307
313
441
293
420
160
413
73
423
10
110
393
97
150
117
382
39
113
36
139
227
495
80
430
68
424
11
193
248
481
15
163
490
296
447
213
304
243
83
228
408
124
143
152
260
466
329
148
484
47
39
94
50
24
170
16
178
88
124
378
299
325
173
17
287
65
302
396
320
285
491
241
433
258
137
45
164
463
429
323
273
420
24
487
77
496
263
121
312
348
466
447
307
150
47
236
350
372
246
437
345
365
265
315
188
223
434
409
300
341
315
207
384
381
252
456
245
327
442
150
428
118
4
315
485
383
348
315
372
89
338
64
328
40
347
141
44
435
286
486
66
372
51
25
124
496
121
256
486
158
185
60
465
361
205
183
390
400
299
129
189
88
128
394
167
116
194
305
185
79
69
460
168
441
91
107
290
188
413
88
163
185
127
319
41
303
308
135
385
139
422
166
9
236
465
317
203
40
83
306
370
389
110
121
150
223
127
194
469
300
148
34
124
108
429
497
282
285
218
365
233
333
446
399
275
23
418
6
341
413
65
212
324
53
144
156
46
474
61
365
451
284
82
138
393
213
292
474
264
227
26
34
308
372
346
281
137
313
330
45
299
132
21
424
249
247
403
67
157
462
103
97
275
10
312
95
475
76
79
278
96
224
151
240
440
285
500
356
64
219
490
197
476
157
362
86
458
288
317
201
455
8
496
441
398
209
24
74
290
389
77
44
113
263
118
124
375
353
477
7
74
104
443
275
454
401
342
100
140
422
348
426
112
158
364
329
487
30
349
165
233
416
369
106
206
72
443
100
371
340
447
324
89
205
405
162
113
248
500
279
248
224
451
411
147
487
182
4
339
237
354
448
358
69
341
201
267
85
162
199
407
357
216
93
415
384
324
434
383
192
230
122
10
135
151
46
213
12
377
75
422
11
160
190
188
116
314
311
268
36
470
54
31
345
388
415
351
5
51
128
112
103
466
209
64
115
255
481
491
248
52
198
46
397
175
164
146
4
296
123
457
182
492
497
319
182
151
451
417
433
142
118
65
121
9
229
226
426
184
289
224
375
330
380
156
362
459
98
120
318
361
114
185
144
182
289
466
425
185
287
211
161
285
125
46
168
458
126
370
42
426
256
367
38
332
408
250
485
216
241
139
355
154
264
356
378
338
471
7
162
198
427
390
57
353
354
139
94
287
375
447
174
126
295
365
266
273
410
420
270
406
66
188
330
21
392
499
268
249
338
148
2
92
414
278
243
76
246
89
439
27
378
116
433
286
488
56
23
184
26
27
82
480
82
142
206
262
116
472
345
466
49
241
183
241
66
92
95
346
369
289
323
92
493
12
109
103
247
201
382
261
221
486
214
251
288
322
145
13
443
281
134
196
344
368
307
406
351
302
368
140
418
409
470
216
178
128
76
425
108
132
314
339
213
193
69
376
236
181
87
248
476
35
119
321
404
57
200
271
373
113
444
76
354
138
338
20
266
331
328
331
140
34
119
489
25
59
479
476
236
112
454
408
255
20
341
47
325
126
396
100
497
65
212
85
161
56
396
204
366
498
133
342
490
348
471
244
170
190
140
368
167
384
480
158
213
393
115
167
219
144
250
28
84
271
67
213
229
135
6
367
384
278
314
251
43
296
88
440
452
169
174
433
430
199
162
263
268
16
375
464
443
24
169
468
364
268
32
50
362
355
444
443
177
479
158
83
216
33
30
200
400
481
321
107
16
378
342
96
30
397
145
225
450
237
473
145
427
1
13
276
411
453
43
274
320
80
446
176
367
432
124
20
319
57
247
487
202
167
406
265
141
270
127
390
266
154
381
262
342
426
172
345
33
295
452
300
9
369
112
387
340
478
9
3
474
438
486
79
370
174
118
368
233
294
429
318
94
8
121
280
394
244
431
278
75
372
35
371
85
206
22
428
128
301
308
200
393
73
499
154
459
430
69
373
18
375
403
186
37
488
161
335
461
255
90
95
81
420
381
198
183
408
380
320
160
328
429
87
298
234
368
243
27
66
257
122
496
118
116
7
454
453
76
267
499
340
86
363
426
172
449
411
3
262
266
478
217
58
482
159
160
61
103
244
454
128
292
458
294
403
446
275
435
272
27
284
163
66
363
376
73
221
333
257
214
163
284
419
474
472
329
158
379
231
81
168
259
11
225
484
125
82
298
235
403
288
370
249
49
418
376
450
459
25
151
413
471
376
352
90
161
50
259
419
88
251
114
499
47
14
498
439
379
303
449
280
345
413
398
85
62
153
211
358
1
23
65
433
72
422
100
333
355
435
281
343
87
375
131
182
80
28
26
204
326
464
21
468
155
337
194
320
408
284
344
372
229
385
419
306
225
93
412
460
392
203
48
494
393
150
492
238
473
345
399
431
463
284
70
168
122
372
117
237
212
185
7
446
46
381
8
159
452
85
74
464
409
269
405
325
425
83
431
3
12
87
213
297
468
3
308
331
23
420
416
169
261
318
197
15
112
379
464
65
108
265
59
354
8
415
61
23
306
433
112
491
105
272
18
382
288
209
447
385
357
55
460
403
372
94
295
420
348
466
278
489
36
53
435
106
46
441
385
485
292
134
322
385
349
495
404
177
350
285
169
253
190
248
99
219
383
355
321
462
74
195
438
354
335
439
396
252
47
445
332
414
334
333
281
148
226
235
200
210
402
487
217
3
140
200
153
48
273
472
306
76
266
458
196
232
262
118
416
84
244
225
486
44
250
62
82
261
424
292
302
304
468
138
119
109
473
312
15
264
403
86
295
132
437
477
457
165
257
251
36
488
243
306
235
485
35
31
254
92
285
347
130
452
438
460
29
356
332
272
391
84
382
454
472
365
149
435
299
100
87
355
265
400
313
94
67
201
289
45
448
378
372
141
204
325
278
19
195
354
89
273
158
115
66
440
409
420
143
212
112
462
126
314
116
391
299
153
494
103
273
48
252
343
170
289
350
397
369
299
59
184
323
351
350
6
169
114
444
36
98
265
361
342
252
15
261
370
162
109
99
276
91
294
127
438
401
213
23
207
463
405
468
170
420
353
265
238
7
482
177
339
18
121
485
318
366
111
313
422
147
176
206
326
491
135
472
200
473
200
270
230
278
388
27
271
301
24
203
35
370
351
103
274
234
498
404
390
50
409
233
262
66
310
180
351
299
447
311
245
51
86
299
387
199
188
62
103
278
225
325
395
8
298
356
157
42
53
166
56
332
382
359
320
219
487
349
42
472
165
107
379
252
66
189
173
124
219
214
85
21
274
138
258
256
285
84
346
460
252
214
496
92
305
70
445
429
106
50
407
280
457
198
339
465
129
216
408
419
59
165
207
172
407
103
284
269
386
456
45
111
370
271
394
80
19
58
239
208
15
303
114
109
18
362
154
299
115
307
123
8
282
474
424
64
373
371
270
396
143
281
233
232
108
362
375
70
317
242
18
50
167
107
468
393
485
3
138
151
398
119
59
81
404
52
180
76
147
146
180
171
50
263
210
305
344
452
78
130
455
299
390
338
394
363
12
168
481
467
499
406
199
242
297
436
456
253
49
108
270
164
312
426
155
373
278
320
499
213
343
23
292
315
464
390
313
422
243
252
287
475
82
251
19
28
16
432
190
94
8
187
317
307
77
43
291
350
39
152
42
415
30
232
51
74
181
124
353
257
464
51
131
193
229
128
195
46
368
85
398
102
330
190
483
338
414
311
436
329
324
75
101
444
461
106
206
461
277
340
407
257
259
491
109
413
270
302
88
155
485
273
362
277
106
199
304
257
326
427
191
91
241
393
220
438
485
136
494
495
358
143
111
157
88
69
228
370
136
54
389
218
108
74
433
194
386
475
491
290
36
110
386
436
354
197
222
61
172
352
51
482
114
478
244
77
12
35
74
180
100
7
54
418
340
227
226
216
455
64
400
497
278
344
312
183
483
250
212
385
131
350
179
304
146
297
261
200
39
199
106
400
138
67
366
223
29
220
448
341
224
19
121
9
204
246
75
302
132
496
195
413
446
438
228
318
428
345
440
68
100
359
74
221
416
496
115
458
267
2
345
171
249
258
193
383
423
60
79
155
38
191
323
218
251
411
109
395
388
79
166
2
145
357
64
274
409
110
408
8
23
314
280
6
379
36
442
91
157
270
133
380
346
163
268
209
415
452
434
69
113
204
326
152
367
259
162
76
139
96
104
152
398
158
429
63
26
49
454
131
32
349
179
387
416
194
217
20
363
151
276
326
188
339
347
170
50
160
255
87
32
458
374
12
1
378
109
322
58
161
155
256
484
122
147
483
243
29
493
31
18
158
56
5
144
307
337
4
43
113
440
400
415
91
383
134
458
373
224
492
319
259
34
341
297
263
442
126
13
12
306
5
364
457
59
334
49
49
375
324
354
189
78
55
127
475
100
189
37
436
344
107
277
222
481
361
263
406
44
295
276
339
119
354
142
263
63
85
213
162
402
66
382
151
452
473
255
494
232
306
405
209
401
247
290
32
250
7
470
394
240
498
249
444
147
34
164
45
111
356
18
69
260
106
254
262
69
27
1
385
284
19
6
277
18
378
4
497
54
418
208
144
485
390
241
9
480
57
258
179
391
474
378
299
336
60
308
216
73
220
170
307
242
353
67
375
452
325
372
101
277
38
8
141
374
30
207
95
327
133
332
218
252
35
320
412
344
201
184
193
291
6
284
37
380
23
226
223
178
366
300
486
314
107
302
53
257
249
419
399
389
440
67
293
339
54
195
32
229
11
52
35
400
223
319
291
200
263
286
494
77
449
412
49
39
266
208
476
463
158
273
142
355
9
234
135
356
247
5
13
190
350
456
59
223
160
72
169
485
283
96
392
273
37
455
175
392
295
442
302
161
270
214
73
24
244
136
229
455
442
365
228
338
256
292
480
143
241
145
228
487
341
55
371
74
79
308
81
98
471
352
210
338
250
282
104
54
61
176
79
245
107
84
488
471
365
401
469
153
340
65
175
233
453
241
465
49
101
136
300
5
51
80
283
406
292
297
68
326
158
44
115
432
8
372
73
477
462
296
335
16
221
17
190
462
220
164
255
231
429
153
281
48
387
345
255
431
117
152
102
449
401
41
216
79
490
174
405
364
147
8
326
67
95
210
370
183
278
149
451
436
31
21
116
343
158
360
373
494
101
246
158
379
344
15
352
494
386
124
333
408
141
61
64
126
317
369
302
359
383
336
107
217
486
371
388
401
227
359
395
165
27
29
130
162
367
433
367
244
46
133
49
438
200
68
94
43
189
341
257
214
108
314
454
438
79
444
157
465
132
264
202
116
455
185
121
311
444
68
372
290
494
91
127
232
167
455
72
366
405
344
10
171
177
370
364
471
20
364
54
481
191
468
47
346
227
426
317
298
37
318
271
248
213
206
186
49
145
310
63
136
112
319
288
409
414
374
437
27
289
32
9
183
238
247
418
41
92
425
3
179
104
148
411
280
46
452
185
279
291
355
475
303
97
431
342
46
325
279
207
96
105
148
110
314
485
294
32
53
454
363
192
337
249
159
352
104
235
162
330
223
241
46
115
272
101
173
138
451
302
255
487
32
17
350
70
459
3
381
452
5
250
107
386
359
483
275
271
132
71
229
120
496
156
292
365
71
258
110
181
175
447
436
324
244
130
494
337
18
337
145
333
27
451
10
454
27
114
65
481
229
179
439
6
53
394
308
491
141
155
241
461
11
32
308
85
29
442
38
316
291
234
496
285
105
183
339
149
442
270
179
85
106
426
431
188
344
311
86
71
259
22
487
23
181
72
207
175
13
318
71
225
195
11
156
369
66
482
325
234
271
31
423
245
328
447
278
20
88
179
493
53
81
46
308
163
141
31
452
367
233
83
452
70
105
33
318
212
184
171
340
241
118
203
443
86
452
311
194
59
182
233
493
431
307
306
439
248
16
152
99
264
332
240
84
246
319
326
431
253
411
353
196
359
21
203
47
213
289
293
369
221
223
348
498
55
476
339
253
164
160
409
316
389
387
317
307
265
147
311
113
108
230
44
76
438
72
81
144
369
292
288
422
78
163
334
339
55
387
327
253
384
343
85
395
394
356
333
417
111
128
166
182
63
139
419
81
124
165
155
312
200
69
339
490
267
88
355
365
403
140
409
182
166
52
476
374
398
154
393
315
211
371
307
322
194
257
191
407
116
369
282
491
159
18
295
428
34
120
483
165
88
305
118
266
371
433
222
298
444
353
410
271
42
18
500
367
107
53
107
149
51
422
246
298
31
91
92
147
394
444
364
420
424
214
449
74
414
348
256
93
93
6
445
327
358
334
98
210
304
203
78
223
12
352
276
469
77
180
160
71
424
461
19
369
479
383
41
9
329
55
388
72
127
98
181
307
37
425
397
339
184
72
427
422
159
228
186
428
311
129
456
216
177
67
266
414
131
51
495
419
468
23
3
66
392
118
13
473
64
79
123
499
149
318
265
86
492
26
143
477
400
373
120
402
219
55
267
340
247
353
307
341
322
363
395
178
256
262
269
286
131
227
40
477
355
124
490
412
228
131
55
114
187
200
253
82
298
143
199
164
489
109
435
359
465
386
217
160
197
255
55
304
363
36
189
13
80
54
418
371
315
452
88
472
337
135
331
302
128
127
54
106
243
247
486
97
125
289
61
421
14
301
221
207
169
124
244
333
209
34
24
265
63
177
311
390
115
457
232
281
311
158
59
192
178
343
28
330
382
466
160
152
163
162
461
432
223
402
496
316
360
457
328
404
401
137
456
103
284
331
392
122
368
145
225
470
421
291
28
224
487
435
220
86
217
351
26
452
64
36
468
270
122
416
388
402
263
307
314
59
126
77
90
140
410
285
17
367
364
94
417
201
308
407
371
370
457
460
74
166
321
40
145
354
424
57
427
107
94
424
248
361
96
49
352
324
424
213
156
152
97
288
276
424
402
461
245
79
79
113
133
424
68
490
335
104
29
62
86
154
484
239
337
332
91
153
485
416
191
282
35
45
459
479
149
415
206
359
181
336
31
32
201
163
300
365
157
98
148
256
298
137
427
383
138
211
352
484
232
122
319
463
273
430
221
17
482
292
367
477
55
72
477
247
462
188
36
12
146
241
187
335
289
411
205
367
81
465
487
84
54
441
418
375
382
211
389
284
185
131
177
365
231
403
381
414
131
58
42
236
490
178
113
225
200
23
394
203
484
237
119
335
36
125
378
439
67
280
137
117
321
459
154
433
139
137
220
265
423
112
190
16
392
324
443
59
343
257
497
147
194
406
161
466
423
259
293
153
148
118
360
350
419
363
230
255
484
399
318
187
149
111
428
346
51
31
370
288
73
313
205
78
351
283
215
193
271
472
493
496
108
18
354
482
411
231
74
10
66
391
312
416
432
8
387
197
276
369
496
408
290
110
281
488
283
428
98
481
232
266
216
457
262
429
123
471
195
119
42
35
243
266
232
367
54
345
107
113
215
38
208
317
63
208
63
106
19
91
484
432
459
477
390
186
60
437
307
151
323
233
241
12
3
137
218
79
423
270
385
421
223
404
164
298
382
366
103
144
432
277
185
292
141
354
53
272
5
355
240
277
317
47
230
277
169
202
354
295
171
187
259
73
339
162
417
120
31
210
421
171
5
443
49
97
154
269
392
148
201
452
127
195
102
43
338
253
229
2
131
157
368
19
105
113
401
117
151
277
94
40
392
104
218
309
480
428
351
49
404
115
27
299
350
130
72
71
111
11
290
298
28
31
370
109
364
265
277
96
56
334
73
254
251
337
73
304
89
301
459
432
190
1
433
240
401
112
278
341
384
452
153
78
233
461
288
239
399
151
230
488
312
417
144
402
230
481
225
130
470
179
118
153
365
430
364
494
433
12
240
33
473
116
22
183
471
240
81
271
466
128
397
397
216
312
32
357
312
241
256
458
97
108
37
146
102
234
303
376
444
217
385
42
499
120
328
65
469
108
274
422
318
256
404
435
418
202
8
121
116
407
60
238
346
483
272
383
293
474
450
146
78
416
111
334
334
210
185
163
42
83
307
156
435
386
96
128
290
19
17
251
409
480
364
151
148
429
134
326
343
96
14
481
59
28
474
441
169
452
467
410
304
404
499
205
373
380
403
453
420
423
430
408
232
417
367
164
261
320
225
14
77
209
138
73
246
238
3
73
213
39
13
361
5
112
144
215
241
444
317
500
232
416
416
32
166
3
7
232
168
411
89
265
289
486
444
354
308
165
133
354
12
220
457
447
493
242
232
14
304
101
9
256
220
63
446
149
209
347
349
110
101
101
495
16
399
195
208
345
37
163
274
189
396
369
178
357
299
156
292
7
210
274
60
15
328
357
414
292
287
3
105
294
193
326
349
274
245
347
158
122
272
232
495
254
46
159
379
38
348
487
360
199
343
9
323
415
431
192
393
55
390
218
274
93
247
60
217
201
499
478
392
426
457
65
340
104
195
378
296
331
298
216
74
338
298
308
404
99
461
476
5
266
324
304
407
314
140
464
489
321
206
50
428
373
320
214
263
418
448
360
19
216
499
370
396
183
483
100
279
499
145
355
428
294
100
133
500
84
342
141
158
355
445
481
380
315
180
386
191
359
223
44
452
201
81
349
451
404
349
328
20
250
375
77
13
469
440
258
6
291
70
24
226
175
126
294
247
301
376
362
217
64
327
161
386
321
164
376
1
96
239
165
161
220
198
466
43
138
409
161
483
149
58
392
237
387
396
397
343
185
319
37
405
256
151
39
208
268
195
67
36
429
368
356
183
177
439
29
102
339
177
127
353
392
456
2
432
41
184
487
342
343
179
90
235
489
487
40
226
145
411
137
496
416
420
181
118
68
438
193
80
101
398
233
299
89
358
356
34
462
364
76
447
24
185
280
163
2
479
116
124
349
422
221
112
307
282
47
293
437
419
151
296
375
221
480
275
87
446
83
153
207
47
144
192
323
56
360
309
216
191
498
41
70
427
322
378
113
388
203
180
454
486
354
247
79
423
30
153
80
266
458
314
149
489
417
364
278
58
125
268
345
301
500
271
425
46
393
144
245
205
78
389
80
236
107
490
280
167
83
487
295
128
32
122
182
138
271
46
94
182
77
54
131
427
458
99
210
283
27
336
289
328
251
272
351
6
306
134
492
385
373
402
316
129
400
35
56
295
260
294
489
450
219
157
216
68
282
247
279
114
290
299
398
208
37
162
287
237
293
472
102
286
288
113
21
300
84
278
334
402
265
432
171
347
475
233
122
177
150
456
51
196
165
268
315
10
205
231
433
469
335
228
424
491
116
65
149
385
48
368
473
461
275
476
434
373
233
419
372
356
307
192
136
206
131
460
15
81
316
475
13
458
232
434
372
288
422
198
495
232
335
277
34
68
293
180
380
224
13
266
224
178
6
468
91
299
359
295
476
60
192
324
220
418
46
428
264
21
36
340
226
327
326
210
12
84
355
208
271
100
259
309
35
131
64
305
302
199
39
240
75
100
1
376
125
389
459
486
246
92
182
222
320
433
132
12
297
418
192
432
496
131
260
248
254
191
47
305
483
405
330
276
109
221
479
258
212
233
254
64
345
97
221
121
136
370
103
202
250
447
2
357
175
435
193
265
32
15
78
359
309
33
432
498
434
290
263
111
42
245
418
178
145
86
23
121
104
414
465
126
419
53
355
162
379
299
291
462
459
264
274
472
171
272
289
327
244
119
363
200
35
400
377
406
88
443
464
12
44
317
85
243
365
285
222
380
481
479
135
423
434
50
302
217
53
476
411
359
458
196
248
146
381
222
349
10
399
397
48
298
105
459
357
28
122
154
124
188
123
136
74
401
148
1
62
318
38
370
327
331
245
32
62
291
78
274
324
188
140
154
153
344
336
121
210
7
280
45
414
336
323
390
269
133
202
465
2
348
435
390
156
221
169
143
466
179
91
274
176
450
382
155
401
139
373
385
252
411
190
256
177
189
189
497
361
277
341
324
47
59
38
145
308
461
453
151
102
164
137
343
386
117
13
461
158
190
260
155
29
458
302
160
260
403
276
157
262
474
322
442
157
339
1
498
311
281
383
7
185
153
98
369
404
449
158
260
155
33
387
310
412
263
116
2
424
220
50
443
80
38
402
240
16
286
343
285
256
186
321
349
216
456
54
498
126
392
231
498
229
380
62
476
107
364
266
307
119
394
496
357
153
269
450
382
339
416
82
146
376
42
354
475
321
278
444
259
4
456
116
144
203
381
198
422
299
386
233
422
392
232
331
10
225
387
187
107
303
487
482
488
246
299
60
446
223
324
355
296
273
217
462
65
377
18
133
89
407
316
171
179
411
272
361
426
238
102
49
168
112
457
438
73
103
333
409
314
326
40
429
246
309
437
116
42
152
118
69
237
474
412
366
186
120
79
447
476
247
295
178
402
175
58
478
225
299
419
277
473
431
465
397
224
109
320
167
396
275
496
142
217
182
239
322
244
15
166
110
425
468
334
33
432
418
6
395
172
377
323
94
136
79
222
247
447
398
386
128
252
210
223
114
371
483
317
464
380
48
43
248
124
444
15
129
481
221
322
496
4
267
19
115
440
17
125
2
469
359
467
234
420
138
12
185
60
367
413
473
17
154
387
488
303
337
118
403
322
471
292
488
261
115
38
311
166
282
416
134
58
491
342
370
405
76
238
442
305
246
437
244
263
405
343
156
9
350
101
201
349
249
43
477
142
228
433
396
99
424
121
101
179
87
477
122
35
124
81
420
67
468
484
466
323
288
442
379
161
269
412
393
268
142
244
100
344
152
375
462
1
342
40
4
122
342
407
453
228
335
285
296
145
453
483
332
40
106
152
306
225
130
423
109
424
171
440
280
23
373
375
260
214
251
353
375
233
82
236
3
367
216
57
208
198
456
484
370
60
7
49
456
25
15
499
107
242
356
2
104
380
135
121
86
384
269
355
87
293
122
260
17
312
344
77
193
396
452
59
401
122
136
116
191
167
467
181
259
303
397
207
326
370
399
454
306
319
140
320
393
3
247
219
396
35
118
144
256
192
151
341
124
470
416
159
314
102
39
2
162
32
481
440
1
44
410
462
1
462
64
478
78
103
316
171
375
374
126
437
63
222
136
175
317
395
445
365
294
299
454
421
386
28
222
25
235
5
401
193
234
494
170
135
255
120
495
497
318
422
144
413
256
329
121
401
176
399
29
463
113
54
409
394
326
2
215
176
65
499
415
5
447
59
106
399
269
227
112
20
152
27
258
314
395
212
341
263
271
484
335
32
239
419
484
52
201
351
221
78
467
120
258
36
482
119
249
44
234
243
138
260
414
436
108
317
27
199
64
438
127
68
163
413
222
258
191
22
161
357
479
89
480
156
69
293
224
433
50
496
195
247
291
309
427
43
264
295
373
147
230
194
430
20
354
266
422
426
141
360
28
1
137
71
465
39
26
375
370
151
498
439
412
321
273
329
105
279
216
209
152
467
207
173
366
333
319
236
353
75
335
117
161
414
311
338
482
443
165
316
330
50
211
52
272
420
118
180
373
117
2
124
17
268
187
294
70
405
187
252
159
84
89
25
443
446
271
241
294
485
332
55
240
380
149
370
323
361
180
171
225
209
453
353
124
137
190
289
215
457
85
450
209
114
70
311
396
362
250
370
498
69
258
31
110
345
458
269
438
443
232
432
396
138
61
219
325
35
206
356
217
75
41
219
322
288
468
135
418
163
376
380
280
345
259
398
95
201
432
71
96
191
205
417
164
308
480
446
483
320
458
446
68
370
15
378
118
497
291
153
150
31
232
446
290
292
58
376
387
488
105
284
296
218
38
31
278
449
145
181
415
399
286
161
293
270
43
465
483
329
278
204
460
401
42
342
154
435
239
213
241
378
466
463
91
227
159
377
7
249
19
128
458
497
158
297
33
436
27
167
178
126
450
124
62
156
477
146
94
179
319
286
111
152
300
187
251
119
96
134
317
115
466
318
161
64
313
489
252
298
126
364
51
162
273
184
252
448
93
65
191
269
446
314
428
306
150
179
45
241
201
54
173
56
246
499
105
288
18
3
70
222
292
302
395
450
451
153
270
144
384
392
258
379
229
208
492
274
414
33
153
254
12
95
465
190
137
154
339
254
459
136
221
300
420
388
415
169
350
485
292
396
473
83
350
321
182
36
490
283
52
76
206
122
231
161
60
377
182
137
451
213
249
251
134
260
124
118
328
226
36
134
44
337
417
462
387
383
303
118
146
327
436
358
438
235
331
488
474
480
59
447
262
480
69
432
143
14
143
119
85
426
444
489
38
405
140
46
415
290
271
248
486
271
304
252
480
146
285
137
181
244
81
112
136
462
428
266
315
313
369
323
223
289
175
439
436
282
496
3
480
292
273
36
235
79
361
198
265
443
424
122
33
310
313
207
427
303
51
252
414
45
495
265
332
468
411
61
43
472
452
229
137
371
449
374
338
163
487
57
68
239
418
161
311
342
324
499
47
159
392
329
477
143
299
7
158
315
461
435
414
491
394
50
73
83
475
39
105
363
81
101
162
290
381
51
406
290
53
208
151
98
270
36
28
127
43
179
326
55
427
74
98
194
63
53
371
15
255
402
477
47
25
117
108
242
101
169
118
271
309
400
464
125
129
292
403
272
1
161
184
91
498
499
2
213
117
39
380
374
247
281
428
341
275
146
162
490
400
96
80
80
392
4
213
328
432
303
214
391
115
370
281
437
371
416
376
35
311
100
223
197
418
404
479
477
76
342
315
179
109
369
312
317
339
453
200
151
166
93
429
254
267
191
462
272
291
36
429
194
306
325
429
188
311
7
345
272
301
455
447
318
179
357
398
155
296
448
493
298
483
165
78
127
189
20
94
121
222
10
67
92
106
126
183
180
253
51
206
231
420
445
121
22
411
259
284
213
15
352
241
253
461
275
90
435
485
436
409
157
138
492
259
445
117
195
209
221
171
67
101
273
86
211
486
383
308
230
206
72
474
204
117
431
493
346
245
54
287
1
484
135
445
328
22
356
327
79
271
285
48
126
450
82
353
456
317
456
62
137
243
404
126
360
385
448
296
496
260
223
31
181
333
446
21
369
39
9
120
386
307
108
497
433
193
88
15
171
176
387
155
424
489
234
268
263
92
27
51
196
497
83
361
392
135
296
385
408
393
487
206
113
177
151
458
45
69
63
74
242
195
145
93
122
359
319
39
327
386
13
163
49
291
348
156
174
77
11
493
244
435
223
185
99
48
185
23
215
4
354
326
188
486
396
260
471
13
159
43
461
453
30
151
203
414
84
185
488
334
471
154
368
272
69
224
105
398
4
390
366
134
230
79
17
183
495
402
169
405
130
93
204
90
252
159
376
152
134
383
140
160
